

2526	2986	2826	2623	2179	2350	2561	2768	2578	2617	2538	2642	2523	2321	2815	2073	2514	2679	2565	2600	2647	2736	2898	2824	2873	2631	2479	2535	2813	2611	2792	2838	2629	2609	2367	2859	2333	2732	3057	2392	2836	2628	2576	2640	2895	2598	2452	2764	2691	2647	2814	2669	2995	2494	3005	2463	2657	2758	2532	2614	2525	2538	2718	2565	2540	2943	2828	2664	2822	2696	2608	2847	2476	3025	2155	2723	2041	2499	2515	2626	2527	2715	2249	2684	2341	2383	2609	2660	2601	2567	2593	2655	2547	2340	2881	3110	2419	2548	2615	2546	
2438	2465	2690	2549	2226	2213	2680	2836	2570	2546	2360	2360	2610	2601	2701	2123	2670	2600	2450	2686	2780	2913	2790	2653	2726	2716	2618	2474	2602	2440	2865	2667	2555	2425	2181	2832	2388	2494	2823	2446	2656	2519	2250	2531	2820	2376	2292	2736	2424	2485	2572	2638	2737	2381	2627	2397	2654	2570	2334	2490	2321	2304	2608	2679	2205	2644	2549	2687	2739	2523	2263	2672	2610	2821	2019	2506	1990	2409	2411	2510	2561	2526	2482	2319	2233	2380	2436	2554	2559	2441	2472	2480	2410	2302	2476	2875	2290	2422	2479	2518	
2586	2582	2697	2577	2274	2217	2647	2753	2650	2721	2590	2298	2759	2515	2672	2121	2690	2577	2470	2815	2846	2910	2904	2779	2620	2479	2645	2676	2658	2719	2818	2672	2488	2558	2480	2974	2428	2651	2910	2582	2826	2463	2502	2580	2716	2446	2433	2848	2631	2608	2954	2484	2825	2261	2713	2531	2691	2707	2542	2781	2535	2546	2853	2862	2563	2886	2699	2640	2726	2681	2519	2841	2781	3004	2046	2712	1990	2734	2546	2554	2581	2826	2509	2556	2504	2484	2335	2602	2583	2531	2644	2748	2460	2459	2690	3211	2613	2503	2548	2845	
2459	2781	2672	2527	2264	2310	2572	2826	2522	2665	2661	2446	2582	2457	2651	2169	2909	2542	2535	2708	2819	2688	2761	2760	2812	2548	2847	2696	2835	2537	2793	2797	2712	2619	2496	3013	2316	2705	2915	2527	2882	2427	2567	2693	2804	2446	2586	3023	2694	2629	2756	2533	2890	2296	2687	2479	2645	2726	2423	2732	2551	2340	2532	2540	2527	2807	2537	2715	2700	2539	2344	2499	2382	2883	2039	2755	2022	2546	2472	2574	2479	2695	2443	2661	2171	2497	2372	2657	2614	2449	2578	2463	2568	2478	2612	3033	2349	2308	2689	2621	
2204	2623	2746	2380	2059	2209	2680	2761	2625	2576	2543	2216	2423	2590	2573	2117	2485	2565	2397	2694	2688	2549	2726	2527	2732	2321	2669	2413	2646	2462	2649	2659	2488	2481	2269	2616	2073	2583	2713	2369	2590	2298	2334	2498	2679	2303	2115	2575	2556	2429	2743	2548	2592	2237	2601	2384	2572	2581	2522	2445	2501	2383	2503	2593	2255	2668	2613	2608	2764	2353	2364	2610	2452	2781	1892	2452	2051	2274	2553	2404	2331	2485	2339	2467	2191	2443	2536	2565	2476	2325	2390	2367	2216	2324	2431	2882	2241	2239	2639	2537	
2307	2580	2360	2142	2021	1916	2397	2549	2343	2503	2175	2154	2398	2127	2492	1897	2589	2321	2027	2514	2607	2468	2666	2379	2342	2495	2345	2323	2311	2371	2613	2535	2350	2367	2151	2672	2235	2439	2632	2126	2552	2297	2438	2311	2388	2214	2252	2660	2357	2302	2435	2442	2478	2165	2534	2082	2481	2388	2161	2312	2178	2161	2395	2434	2098	2566	2323	2341	2488	2401	2155	2694	2353	2584	1728	2337	1679	2204	2265	2358	2222	2223	2137	2241	2117	2245	2281	2300	2312	2231	2244	2362	2124	2244	2198	2932	1952	2249	2300	2284	
2255	2635	2643	2473	2293	2279	2700	2847	2458	2663	2421	2276	2555	2404	2583	2184	2669	2653	2454	2511	2837	2838	2767	2703	2772	2547	2753	2626	2584	2479	2654	2842	2280	2337	2313	2758	2316	2620	2826	2663	2816	2491	2469	2796	2599	2381	2244	2835	2773	2361	2521	2555	2712	2257	2652	2411	2386	2547	2521	2575	2434	2147	2451	2757	2389	2758	2601	2662	2580	2393	2305	2539	2504	2964	1925	2465	1858	2313	2348	2736	2339	2331	2358	2709	2046	2260	2349	2726	2567	2450	2433	2651	2482	2354	2490	3007	2531	2454	2487	2652	
2472	2953	2825	2433	2215	2353	2801	2883	2657	2594	2572	2532	2780	2578	2719	2227	2572	2947	2441	2764	2859	2885	2929	2817	2878	2623	2722	2737	2782	2661	2598	2847	2655	2740	2320	2646	2395	2535	2895	2405	2815	2593	2733	2884	2880	2450	2466	2857	2884	2646	2952	2758	2911	2343	2800	2471	2793	2940	2785	2678	2502	2477	2635	2826	2359	3017	2915	2789	2950	2744	2398	2808	2587	3220	2150	2570	1918	2387	2356	2668	2631	2484	2283	2710	2387	2487	2576	2692	2437	2590	2590	2667	2578	2341	2821	3039	2548	2585	2747	2772	
2777	3005	2897	2747	2568	2653	3043	3072	2910	2925	2706	2697	2797	2687	3037	2238	2752	2914	2535	3009	2924	3069	3033	2894	2956	2721	2599	2656	2792	2834	3021	2929	2835	2848	2794	3277	2454	2915	2909	2693	2892	2449	2614	2986	2964	2515	2455	3019	2930	2863	3176	2946	3113	2480	2924	2768	2690	2890	2657	2973	2788	2533	2987	2879	2555	2810	2959	2862	3016	2775	2633	2940	2685	3193	2207	2836	2164	2634	2847	2856	2579	2811	2422	2696	2525	2495	2754	2753	2901	2528	2623	2934	2664	2530	2781	3480	2622	2762	3016	2976	
2700	2949	2969	2448	2339	2393	2735	2762	2712	2642	2637	2605	2704	2688	3054	2164	2743	2669	2635	2903	2775	2899	3096	3127	2755	2785	2546	2795	2814	2761	2954	2826	2656	2830	2398	3023	2499	2736	2961	2447	2899	2640	2750	2745	3082	2590	2555	3004	2739	2668	2927	2548	2981	2502	2752	2568	2788	2946	2624	2849	2592	2562	2978	2893	2463	2846	2864	2882	2880	2766	2776	3008	2841	3018	2114	2861	1981	2713	2515	2620	2535	2601	2426	2672	2359	2575	2480	2709	2643	2573	2547	2718	2577	2431	2682	3387	2670	2536	2852	2802	
2239	2507	2408	2209	1999	2048	2441	2551	2223	2456	2438	2081	2437	2398	2272	2039	2398	2349	2322	2429	2447	2331	2751	2688	2680	2427	2436	2523	2381	2463	2528	2593	2268	2739	2294	2662	2317	2444	2559	2367	2523	2053	2233	2485	2543	2072	2184	2556	2529	2434	2523	2256	2534	2089	2308	2269	2407	2521	2364	2590	2232	2145	2514	2493	2164	2498	2438	2515	2454	2524	2204	2574	2234	2706	1736	2307	1826	2230	2342	2404	2316	2382	2082	2209	2105	2169	2275	2188	2374	2476	2332	2560	2282	2260	2385	2793	2161	2383	2432	2548	
2327	2805	2804	2636	2134	2279	2612	2567	2548	2470	2534	2253	2615	2434	2381	2073	2802	2565	2568	2727	2872	2716	2847	2535	2455	2426	2685	2553	2440	2477	2512	2739	2434	2498	2409	2841	2237	2688	2801	2454	2646	2262	2388	2620	2566	2214	2277	2543	2696	2483	2792	2323	2690	2049	2483	2414	2669	2650	2593	2698	2546	2405	2791	2558	2262	2833	2455	2595	2678	2639	2381	2455	2609	2895	1861	2602	1987	2602	2439	2639	2326	2383	2398	2415	2273	2304	2471	2567	2629	2623	2407	2527	2512	2356	2515	3080	2200	2482	2577	2589	
2248	2169	2577	2242	2084	2128	2400	2588	2547	2256	2222	2201	2332	2305	2405	1797	2455	2545	2474	2397	2321	2722	2698	2538	2415	2441	2311	2422	2413	2362	2499	2470	2274	2052	2194	2728	2197	2396	2610	2381	2483	2313	2372	2369	2494	2209	2125	2664	2412	2561	2609	2272	2576	2048	2296	2409	2407	2285	2260	2263	2318	2266	2631	2371	2220	2510	2445	2640	2549	2396	2095	2405	2469	2582	2001	2444	1962	2171	2422	2459	2399	2393	2287	2406	1978	2170	2167	2378	2261	2087	2310	2212	2159	2214	2432	2818	2158	2182	2471	2444	
2521	2573	2709	2377	2172	2350	2521	2492	2255	2597	2415	2424	2496	2523	2687	2050	2428	2648	2467	2451	2744	2683	2794	2769	2777	2658	2663	2687	2534	2614	2614	2654	2549	2583	2171	2674	2304	2542	2710	2356	2521	2441	2590	2672	2767	2349	2315	2681	2922	2561	2828	2503	2858	2165	2616	2368	2668	2832	2660	2528	2436	2292	2587	2660	2337	2679	2618	2774	2710	2345	2436	2713	2537	3031	2010	2522	1862	2527	2466	2684	2607	2450	2257	2457	2182	2264	2512	2589	2540	2396	2409	2477	2436	2400	2767	2997	2487	2499	2627	2402	
2503	2855	2758	2490	2302	2302	2686	2764	2650	2568	2607	2561	2705	2407	2657	2056	2636	2777	2556	2775	2689	2801	2905	2689	2630	2487	2556	2544	2622	2607	2633	2640	2526	2533	2175	2853	2438	2481	2893	2533	2647	2563	2533	2697	2756	2549	2333	2896	2636	2666	2685	2524	2776	2417	2732	2488	2815	2682	2623	2586	2383	2467	2686	2621	2291	2878	2836	2742	2891	2570	2298	2624	2514	2858	2094	2679	1950	2392	2417	2594	2594	2625	2276	2490	2135	2497	2374	2645	2391	2388	2592	2549	2519	2333	2699	3026	2498	2444	2601	2713	
2616	3020	3119	2751	2335	2628	2853	3022	2886	2569	2553	2458	2749	2704	2878	2252	3119	3032	2737	2911	2891	3020	3151	2848	2637	2820	2760	2734	2829	2731	2674	3025	2698	2725	2580	3020	2544	2786	3081	2609	2777	2633	2587	3015	3052	2554	2433	2871	2850	2831	2884	2728	3041	2490	2813	2743	2851	3075	2675	2751	2457	2666	2955	2827	2444	2897	3045	2822	3044	2806	2745	2798	2788	3019	2250	2899	2204	2713	2649	2697	2619	2462	2647	2795	2387	2591	2615	2890	2665	2603	2577	2696	2637	2574	2684	3330	2776	2629	3066	2802	
2507	2937	2940	2804	2602	2554	2970	2954	2717	2878	2858	2627	2816	2821	3165	2377	2889	2809	2701	2799	3149	2967	3229	3103	2909	2858	2986	2900	2902	2860	2986	2921	2782	2756	2573	3206	2533	2943	3046	2480	2950	2725	2994	2912	3006	2793	2682	3331	2831	2812	3158	2786	3261	2456	2838	2623	2890	2949	2857	2915	2774	2654	2945	2945	2793	2976	3033	2907	3010	3048	2688	3010	2832	3216	2224	2959	2270	2763	2636	2773	2846	2787	2709	2806	2492	2696	2582	2550	2643	2795	2713	2986	2787	2703	2945	3538	2593	2890	2699	2892	
2352	2612	2653	2628	2251	2426	2570	2678	2329	2617	2425	2378	2636	2432	2753	2022	2405	2474	2302	2577	2712	2724	2942	2657	2515	2407	2576	2492	2756	2615	2540	2493	2488	2377	2183	2925	2474	2667	2845	2307	2485	2337	2375	2623	2721	2497	2310	2598	2760	2413	2864	2526	2759	2252	2669	2372	2522	2717	2380	2531	2593	2440	2513	2574	2313	2700	2741	2610	2821	2600	2475	2708	2474	3062	2015	2619	1951	2459	2283	2515	2545	2373	2431	2500	2473	2366	2415	2726	2430	2370	2299	2523	2681	2384	2522	3069	2373	2417	2583	2522	
2223	2752	2826	2597	2251	2461	2389	2661	2436	2593	2655	2337	2480	2431	2857	2086	2800	2701	2613	2664	2790	2575	2985	2803	2788	2670	2654	2671	2740	2534	2887	2658	2584	2339	2444	2954	2240	2801	2656	2438	2658	2606	2834	2536	2727	2581	2398	2868	2668	2489	2770	2429	2931	2308	2827	2443	2540	2699	2527	2516	2369	2408	2586	2584	2401	2778	2693	2700	2665	2411	2554	2710	2459	3001	2064	2572	2014	2446	2323	2574	2583	2417	2410	2705	1903	2307	2577	2677	2501	2525	2434	2559	2522	2562	2548	3175	2409	2310	2842	2400	
2276	2651	2659	2425	2275	2475	2723	2807	2539	2756	2521	2283	2597	2603	2755	1983	2579	2542	2462	2670	2902	2673	2863	2567	2743	2550	2686	2689	2643	2602	2815	2704	2532	2582	2303	2728	2423	2534	2562	2449	2540	2386	2459	2637	2629	2432	2213	2957	2806	2559	2915	2596	2758	2231	2636	2435	2562	2701	2677	2513	2450	2325	2705	2808	2485	2775	2613	2603	2716	2400	2509	2668	2493	2843	2030	2550	1933	2504	2495	2638	2520	2567	2383	2640	2217	2427	2515	2621	2459	2386	2459	2561	2317	2464	2524	3085	2441	2382	2756	2541	
2355	2597	2687	2572	2414	2397	2750	2924	2595	2724	2630	2471	2704	2613	2738	1957	2650	2767	2641	2794	2988	2742	2980	2864	2905	2670	2749	2642	2717	2674	2763	2788	2419	2662	2326	2808	2551	2649	2983	2688	2876	2416	2650	2670	2784	2386	2379	2797	2672	2767	2846	2814	2715	2396	2853	2521	2698	3052	2472	2579	2340	2167	2903	2805	2455	2894	2723	2754	2796	2801	2501	2802	2692	2894	2283	2709	2098	2344	2534	2703	2469	2762	2416	2777	2239	2138	2652	2569	2527	2561	2646	2659	2491	2341	2477	3078	2504	2742	2805	2648	
2551	2619	2787	2529	2246	2248	2618	2882	2643	2593	2405	2430	2428	2479	2687	2000	2656	2505	2547	2642	2605	2743	2772	2739	2733	2488	2576	2470	2688	2521	2682	2663	2353	2466	2382	2780	2242	2598	2744	2499	2592	2366	2503	2598	2707	2305	2370	2692	2598	2607	2594	2445	2813	2325	2771	2419	2606	2725	2402	2538	2535	2449	2569	2572	2405	2630	2619	2648	2624	2603	2208	2569	2401	2691	2125	2452	2043	2486	2453	2348	2472	2402	2466	2467	2316	2497	2358	2471	2344	2233	2301	2520	2557	2430	2583	3044	2216	2453	2605	2562	
2467	2881	2740	2569	2233	2229	3060	2891	2649	2603	2573	2401	2484	2746	2551	2395	2831	2699	2629	2666	2667	2962	2880	3017	2820	2610	2659	2659	2807	2567	2793	2886	2679	2817	2409	2953	2250	2779	2921	2596	3061	2426	2464	2754	2803	2414	2253	2917	2643	2853	2983	2613	3048	2246	2596	2538	2790	2707	2621	2545	2580	2577	2835	2754	2497	2733	3039	2943	2979	2813	2527	2820	2559	2923	1972	2847	2281	2529	2544	2625	2387	2773	2612	2596	2367	2376	2669	2531	2687	2630	2627	2816	2707	2371	2663	3277	2352	2583	2881	2685	
2301	2505	2489	2343	1933	2167	2295	2475	2453	2229	2376	2276	2220	2233	2427	1883	2348	2445	2138	2492	2546	2465	2684	2459	2430	2509	2296	2313	2398	2133	2391	2435	2374	2273	2214	2558	2009	2408	2683	2314	2349	2343	2455	2324	2565	2088	2185	2471	2305	2444	2408	2510	2475	2243	2461	2234	2271	2546	2229	2448	2214	2125	2477	2170	2040	2322	2413	2446	2502	2410	2282	2507	2315	2733	1919	2443	1882	2181	2431	2328	2306	2154	2142	2425	1937	2064	2179	2344	2275	2289	2117	2162	2248	2281	2279	2754	2373	2231	2363	2367	
2446	2800	2709	2313	2234	2278	2813	3032	2523	2534	2528	2349	2769	2363	2744	2183	2354	2880	2530	2684	2627	2574	2720	2803	2507	2416	2519	2400	2596	2463	2526	2542	2427	2597	2501	2857	2013	2587	2612	2373	2563	2318	2574	2629	2520	2364	2204	2623	2613	2319	2877	2417	2891	2137	2637	2315	2588	2729	2640	2553	2459	2441	2680	2612	2264	2783	2782	2367	2740	2534	2386	2658	2708	2875	1921	2675	1885	2471	2238	2577	2211	2330	2207	2488	2313	2355	2390	2429	2594	2267	2506	2677	2337	2314	2586	3147	2340	2443	2583	2696	
2410	2949	2850	2723	2444	2211	2785	2893	2662	2745	2654	2302	2616	2668	2737	2217	2707	2617	2502	2793	2734	2828	2924	2928	2837	2520	2600	2424	2653	2613	2628	2610	2564	2689	2556	2970	2275	2764	2953	2648	2907	2299	2666	2708	2876	2405	2358	2953	2774	2629	2980	2656	2790	2392	2687	2627	2920	2624	2407	2514	2635	2410	2871	2805	2494	2960	2848	2799	2838	2844	2431	2808	2430	2933	2066	2693	2123	2332	2566	2643	2474	2512	2612	2477	2306	2443	2424	2706	2470	2541	2617	2489	2586	2475	2664	3125	2414	2480	2748	2843	
2638	3180	2873	2611	2381	2451	2790	2979	2680	2838	2952	2598	2763	2534	2867	2417	2840	2990	2612	2914	2920	2853	2926	3334	2988	2774	2669	2630	2819	2837	3030	2835	2851	2803	2619	3224	2447	2939	3051	2417	3120	2669	2803	2969	3137	2566	2544	2900	2830	2841	3146	2759	2933	2475	2905	2570	3033	2972	2716	2767	2588	2554	2946	2967	2418	3138	3139	2982	3153	2788	2646	2951	2916	3106	2265	2844	2184	2473	2685	2720	2423	2917	2548	2730	2492	2571	2640	2850	2767	2570	2699	2727	2843	2603	2952	3597	2697	2561	3075	2798	
2259	2520	2451	2276	2191	2003	2430	2643	2471	2442	2556	2200	2333	2266	2482	1956	2524	2239	2367	2519	2538	2449	2771	2653	2479	2444	2553	2551	2297	2339	2627	2373	2215	2406	2121	2789	2163	2587	2514	2366	2518	2215	2454	2468	2529	2237	2225	2903	2422	2490	2495	2298	2597	2176	2448	2044	2400	2524	2149	2559	2200	2052	2413	2319	2168	2453	2489	2531	2690	2526	2057	2250	2161	2521	1936	2383	1733	2376	2274	2357	2232	2454	2229	2402	1936	2106	2053	2325	2184	2189	2402	2469	2292	2258	2386	2737	2257	2227	2365	2528	
2241	2760	2606	2551	2135	2401	2582	2613	2350	2487	2474	2286	2376	2323	2572	1870	2647	2387	2469	2675	2471	2617	2763	2603	2657	2522	2315	2572	2657	2407	2677	2626	2365	2523	2272	2752	2214	2734	2671	2259	2851	2367	2279	2557	2761	2426	2221	2822	2521	2466	2685	2550	2600	2407	2659	2329	2440	2624	2328	2414	2314	2372	2597	2559	2248	2755	2586	2668	2609	2515	2553	2488	2254	2775	1895	2493	1919	2342	2380	2502	2306	2508	2340	2539	2177	2282	2386	2510	2382	2355	2202	2578	2351	2415	2608	3091	2345	2332	2572	2305	
2696	2815	2967	2618	2325	2417	2746	2753	2903	2666	2622	2535	2550	2594	2830	2207	2819	2843	2587	2977	2969	2955	3019	3009	2792	2748	2830	2798	2756	2820	2714	2808	2750	2643	2403	2991	2570	2848	3187	2564	2852	2473	2848	2690	2944	2492	2504	2929	2794	2837	2912	2727	2940	2466	2740	2608	2658	3004	2695	2812	2689	2477	2929	2599	2481	2798	2721	2952	2874	2840	2779	2930	2593	3163	2293	2787	2263	2578	2702	2830	2614	2713	2527	2685	2349	2563	2556	2884	2707	2568	2547	2631	2674	2501	2743	3283	2684	2558	2877	2773	
2378	2685	2666	2647	2266	2278	2647	2601	2579	2521	2613	2500	2551	2496	2614	2120	2515	2624	2488	2716	2785	2622	2878	2652	2778	2544	2627	2490	2711	2415	2560	2517	2529	2380	2521	2793	2207	2653	2664	2548	2607	2361	2493	2424	2501	2543	2349	2792	2662	2524	2743	2461	2768	2225	2760	2204	2510	2574	2421	2614	2219	2248	2656	2543	2253	2812	2760	2607	2863	2659	2300	2715	2614	2933	1926	2677	1963	2444	2363	2600	2335	2722	2298	2642	2252	2347	2571	2277	2411	2458	2681	2597	2535	2345	2581	3197	2293	2388	2591	2518	
2436	2613	2502	2233	2128	2067	2444	2522	2379	2500	2245	2234	2541	2191	2464	2027	2517	2541	2413	2493	2468	2509	2767	2652	2513	2363	2466	2322	2519	2543	2411	2544	2274	2279	2344	2681	2050	2450	2552	2181	2392	2277	2493	2474	2705	2470	2227	2569	2557	2281	2723	2274	2627	2052	2544	2251	2532	2595	2379	2512	2181	2323	2572	2628	2296	2808	2596	2512	2531	2510	2178	2277	2558	2749	1948	2392	1809	2558	2252	2416	2261	2420	2101	2467	2042	2213	2268	2187	2335	2400	2174	2535	2355	2121	2316	3048	2184	2269	2382	2387	
2447	2499	2663	2432	2063	2058	2446	2567	2399	2467	2635	2294	2406	2450	2463	1986	2393	2622	2315	2549	2750	2644	2832	2681	2666	2597	2668	2523	2513	2478	2576	2434	2366	2437	2239	2872	2293	2684	2749	2515	2554	2267	2523	2497	2671	2216	2267	2598	2600	2516	2624	2354	2531	2043	2650	2146	2504	2654	2333	2490	2395	2075	2536	2575	2039	2550	2417	2646	2635	2373	2215	2564	2377	2784	1939	2310	1737	2256	2359	2491	2508	2455	2241	2549	2091	2300	2327	2429	2365	2367	2214	2393	2424	2387	2504	2903	2238	2290	2508	2408	
2530	3055	3075	2587	2379	2515	3005	3238	2626	3088	2767	2442	2980	2654	2917	2443	2881	2845	2624	2864	2933	3180	3220	2833	2795	2936	2805	2742	2988	2766	3074	3214	2687	2853	2792	3418	2569	2878	2941	2943	2923	2665	2640	2951	2897	2642	2460	3136	2929	2642	2978	2815	3122	2468	2924	2724	2788	3034	2662	2707	2895	2643	2821	3012	2593	3069	2750	2788	3050	2630	2846	2980	2899	3110	2136	2821	2056	2912	2553	2815	2578	2713	2525	2886	2429	2616	2596	3019	2801	2882	2630	2830	2576	2681	2890	3386	2593	2590	2902	2861	
2470	2760	2701	2484	2200	2339	2758	2852	2670	2537	2349	2502	2578	2414	2686	2179	2629	2774	2390	2570	2790	2875	2999	2739	2567	2764	2528	2536	2427	2522	2585	2691	2595	2517	2333	2875	2341	2509	2891	2384	2595	2546	2619	2680	2965	2430	2317	2784	2670	2613	2745	2608	2822	2298	2771	2481	2714	2883	2536	2577	2475	2274	2613	2575	2233	2791	2761	2730	2952	2664	2356	2740	2664	2930	2093	2539	2085	2443	2548	2500	2491	2421	2363	2538	2249	2307	2527	2601	2501	2548	2448	2556	2447	2426	2596	2979	2410	2452	2662	2656	
2194	2683	2720	2524	2209	2218	2581	2516	2561	2656	2400	2557	2575	2579	2716	2314	2623	2502	2389	2630	2683	2664	2887	2693	2713	2523	2533	2653	2668	2691	2434	2681	2586	2613	2526	2953	2141	2624	2625	2315	2562	2174	2544	2525	2796	2458	2430	2925	2796	2397	2864	2396	2755	2306	2547	2367	2506	2643	2502	2753	2448	2254	2571	2768	2440	2773	2713	2653	2777	2490	2537	2635	2463	2841	1916	2465	2020	2352	2382	2421	2473	2477	2413	2498	2248	2312	2477	2531	2362	2517	2281	2530	2411	2446	2680	2921	2283	2266	2649	2612	
1990	2508	2540	2319	2101	2395	2512	2736	2286	2480	2271	2249	2471	2362	2528	1860	2530	2417	2385	2444	2546	2555	2872	2638	2382	2411	2235	2519	2569	2569	2478	2476	2294	2332	2059	2689	2285	2456	2916	2126	2708	2513	2516	2415	2872	2446	2236	2831	2495	2454	2673	2503	2674	2205	2544	2330	2610	2476	2395	2503	2310	2364	2520	2509	2439	2822	2587	2598	2546	2439	2441	2476	2295	2664	1996	2500	1965	2339	2224	2328	2452	2341	2092	2557	2095	2199	2143	2592	2312	2256	2299	2339	2251	2170	2546	2930	2234	2304	2441	2494	
2344	2607	2532	2575	2331	2094	2428	2397	2621	2566	2342	2438	2262	2605	2498	2058	2492	2514	2393	2645	2693	2636	2676	2606	2595	2420	2454	2505	2424	2469	2392	2517	2435	2525	2248	2769	2243	2587	2760	2358	2585	2158	2386	2480	2611	2167	2361	2814	2376	2592	2788	2394	2724	2053	2522	2358	2281	2579	2426	2494	2241	2139	2445	2531	2156	2723	2444	2663	2655	2643	2253	2657	2367	2930	1995	2493	1863	2184	2409	2435	2374	2527	2325	2502	1990	2354	2399	2432	2220	2408	2387	2459	2239	2208	2382	2894	2240	2344	2511	2434	
2155	2427	2312	2131	1796	1844	2349	2380	2090	2245	2082	2069	2292	2208	2385	1936	2134	2397	2157	2262	2183	2458	2653	2560	2498	2112	2166	2275	2426	2179	2313	2109	2211	2117	1905	2472	1998	2222	2340	2109	2508	2186	2194	2237	2378	2172	2139	2447	2212	2208	2379	2199	2474	2075	2280	2209	2287	2333	2242	2324	2023	2128	2351	2251	2103	2228	2563	2338	2549	2387	2234	2439	2310	2618	1761	2193	1837	2155	2034	2061	2143	2265	1953	2152	2035	1927	2342	2049	2206	2206	2221	2485	2149	2060	2309	2607	2017	2221	2230	2302	
2422	2506	2611	2466	2118	2274	2736	2673	2455	2534	2433	2587	2404	2343	2730	2120	2580	2832	2411	2414	2681	2645	2640	2835	2741	2565	2475	2373	2730	2511	2629	2622	2432	2516	2361	2926	2186	2758	2686	2248	2506	2331	2256	2692	2779	2417	2365	2579	2695	2406	2527	2358	2680	2280	2877	2516	2423	2722	2301	2394	2272	2283	2549	2665	2389	2572	2648	2577	2774	2436	2170	2616	2571	2907	1885	2445	2040	2334	2436	2542	2454	2627	2286	2500	2157	2241	2574	2420	2404	2391	2215	2363	2780	2399	2484	3090	2490	2331	2477	2597	
2440	2956	2751	2667	2320	2530	2887	2830	2692	2585	2484	2493	2724	2547	2809	1999	2886	2825	2654	2890	2901	2840	2971	2745	2505	2759	2508	2749	2745	2763	2620	2760	2577	2715	2453	2981	2523	2483	2942	2682	2604	2476	2598	2760	3067	2477	2518	2908	2659	2670	2850	2765	2823	2557	2796	2667	2662	2872	2718	2740	2506	2586	2765	2610	2490	2870	2736	2579	2804	2611	2596	2853	2699	3064	2137	2759	2031	2566	2543	2573	2648	2528	2376	2758	2236	2470	2362	2713	2565	2587	2470	2483	2532	2292	2480	3171	2628	2443	2615	2644	
2216	2560	2636	2290	1923	2115	2316	2395	2254	2287	2150	2065	2141	2240	2364	1927	2425	2090	2262	2390	2329	2422	2725	2491	2346	2315	2188	2255	2296	2089	2319	2283	2347	2226	1948	2580	2183	2451	2435	2226	2485	2192	2273	2218	2461	2272	2024	2585	2452	2074	2553	1966	2450	2182	2419	2005	2412	2335	2166	2396	2149	2249	2317	2304	2025	2446	2353	2405	2447	2372	2250	2558	2076	2469	1719	2332	1915	2319	2148	2329	2149	2256	2262	2118	2017	2115	2236	2383	2301	2213	2317	2163	2161	2167	2260	2763	2075	2085	2430	2234	
2334	2700	2830	2661	2189	2600	2670	2737	2619	2750	2736	2500	2630	2495	2893	2093	2596	2526	2382	2752	2954	2849	3085	2498	2692	2586	2904	2741	2626	2577	2714	2692	2576	2667	2465	2880	2247	2808	2795	2550	2687	2382	2525	2746	2801	2513	2241	2924	2787	2546	2856	2567	2765	2161	2619	2534	2593	2918	2597	2794	2586	2327	2751	2733	2416	2691	2699	2845	2759	2473	2481	2697	2545	3044	1993	2491	2124	2539	2663	2509	2740	2394	2502	2608	2409	2507	2650	2619	2541	2597	2447	2509	2429	2655	2677	3007	2364	2525	2635	2635	
2548	2849	2776	2556	2304	2431	2597	2799	2699	2670	2722	2462	2433	2353	2778	2183	2807	2579	2355	2805	2910	2866	3069	2852	2657	2609	2604	2744	2893	2645	2722	2805	2523	2764	2579	2990	2321	2735	2967	2587	2941	2361	2790	2598	2792	2543	2553	3141	2550	2711	2952	2671	2955	2282	2704	2505	2638	2708	2593	2710	2549	2459	2565	2740	2408	2960	2779	2859	2725	2939	2542	2839	2666	3035	2166	2788	1976	2618	2683	2688	2551	2460	2515	2815	2329	2619	2554	2601	2393	2633	2291	2671	2451	2698	2609	3280	2534	2366	2747	2709	
2365	2564	2557	2597	2301	2289	2699	2704	2719	2608	2319	2340	2490	2492	2834	2119	2576	2530	2584	2721	2576	2759	2719	2617	2631	2481	2342	2655	2545	2499	2800	2462	2448	2414	2329	2864	2271	2502	2610	2508	2546	2315	2304	2442	2659	2308	2303	2886	2601	2362	2865	2542	2737	2186	2509	2354	2435	2413	2523	2510	2486	2354	2675	2757	2351	2729	2820	2543	2722	2584	2417	2627	2697	2894	1867	2649	1824	2476	2419	2451	2411	2391	2444	2380	2380	2439	2432	2510	2251	2113	2444	2758	2372	2374	2654	3092	2252	2413	2400	2424	
2254	2666	2596	2464	2094	2298	2508	2661	2392	2354	2409	2347	2493	2203	2664	1899	2445	2666	2441	2570	2543	2748	2856	2664	2462	2492	2489	2473	2620	2492	2589	2773	2469	2192	2163	2894	2183	2571	2763	2393	2609	2361	2456	2349	2732	2377	2262	2748	2523	2515	2738	2486	2632	2107	2734	2317	2511	2650	2331	2484	2366	2171	2528	2676	2093	2726	2539	2635	2860	2491	2363	2591	2707	2901	1925	2438	1848	2378	2399	2336	2217	2393	2445	2341	2239	2242	2441	2609	2325	2180	2318	2381	2260	2363	2573	2826	2229	2230	2703	2587	
2442	2430	2551	2334	2138	2155	2524	2549	2508	2413	2538	2298	2343	2308	2663	1867	2573	2559	2428	2612	2578	2580	2692	2543	2400	2407	2584	2555	2354	2361	2649	2568	2462	2483	2228	2849	2183	2580	2636	2257	2503	2135	2422	2632	2569	2182	2306	2786	2481	2460	2457	2490	2644	2158	2457	2294	2416	2509	2427	2539	2066	2078	2539	2550	1998	2476	2448	2585	2461	2540	2220	2540	2342	2741	1915	2475	1905	2327	2549	2421	2238	2397	2358	2398	2027	2397	2384	2409	2258	2300	2537	2380	2143	2392	2380	2931	2231	2373	2730	2624	
2137	2400	2418	2084	1916	1949	2083	2249	2090	2243	2206	2135	2177	1934	2367	1539	2233	2063	1850	2357	2340	2493	2472	2304	2221	2240	2060	2107	2300	2152	2356	2263	2048	2199	2022	2505	2130	2369	2379	2031	2394	2034	2160	2269	2304	2046	2089	2367	2113	2087	2485	2303	2285	1999	2360	1920	2208	2434	2012	2330	2012	2018	2176	2413	1957	2283	2321	2292	2317	2215	2070	2358	2150	2568	1635	2019	1548	2154	1909	2170	2129	2021	1844	2231	1999	1790	2087	2270	2057	2215	2062	2129	2101	1938	2118	2588	2052	2118	2308	2236	
2468	2703	2707	2713	2399	2329	2770	2902	2700	2710	2562	2570	2944	2602	3030	2274	2601	2876	2561	2812	2709	2950	3125	2948	2795	2900	2663	2743	2657	2612	2945	2746	2787	2625	2526	3014	2508	2675	2986	2543	2664	2452	2605	2753	2881	2613	2484	2949	2623	2757	2945	2755	2975	2384	3024	2537	2729	2905	2537	2703	2560	2516	2673	2692	2278	2788	2847	2662	3116	2612	2539	2751	2712	3087	2059	2840	2125	2601	2633	2550	2634	2614	2609	2683	2278	2467	2474	2604	2574	2582	2638	2612	2513	2629	2757	3127	2626	2619	2725	2870	
2298	2714	2722	2324	2192	2130	2435	2492	2271	2720	2489	2140	2521	2118	2589	1799	2547	2500	2298	2703	2644	2585	2814	2654	2411	2436	2377	2299	2479	2367	2575	2673	2256	2529	2222	2598	2271	2392	2780	2264	2475	2400	2517	2441	2681	2388	1999	2687	2453	2402	2560	2457	2467	2138	2551	2221	2612	2596	2263	2257	2450	2158	2578	2498	2183	2729	2381	2512	2718	2474	2402	2616	2507	2636	2022	2590	1998	2408	2326	2513	2214	2453	2373	2468	2028	2496	2174	2455	2395	2362	2523	2286	2406	2245	2519	3157	2245	2371	2583	2485	
2244	2591	2587	2231	2023	2081	2424	2481	2517	2397	2376	2233	2262	2458	2394	2207	2456	2312	2450	2559	2379	2506	2714	2641	2565	2501	2512	2550	2559	2463	2383	2583	2416	2405	2220	2678	1954	2481	2534	2510	2438	2354	2399	2509	2639	2188	2260	2665	2687	2426	2685	2236	2435	2190	2336	2276	2438	2508	2297	2618	2360	2280	2447	2273	2192	2606	2647	2541	2693	2365	2216	2519	2610	2715	1914	2678	1697	2280	2463	2466	2464	2396	2134	2701	2080	2192	2219	2428	2217	2361	2364	2252	2398	2307	2446	2869	2456	2290	2505	2421	
2414	2615	2477	2259	2057	2155	2528	2619	2386	2549	2534	2317	2288	2412	2591	2027	2468	2618	2370	2562	2424	2570	2691	2497	2778	2554	2337	2464	2576	2564	2691	2590	2331	2630	2280	2815	2180	2541	2601	2430	2496	2137	2355	2477	2678	2299	2109	2722	2526	2480	2679	2573	2634	2189	2623	2190	2441	2663	2408	2573	2270	2288	2625	2677	2301	2497	2639	2485	2645	2272	2327	2581	2375	2705	1917	2411	1910	2433	2348	2323	2376	2543	2116	2473	2152	2269	2349	2401	2211	2295	2339	2405	2267	2322	2513	2882	2372	2384	2486	2467	
2577	2714	2606	2514	2273	2198	2696	2703	2756	2435	2351	2435	2437	2463	2759	2034	2481	2558	2649	2707	2774	2713	2858	2728	2631	2552	2403	2543	2409	2506	2704	2512	2465	2455	2470	2861	2249	2709	2689	2382	2525	2338	2621	2539	2718	2269	2307	2869	2627	2540	2957	2351	2811	2316	2845	2234	2691	2805	2509	2767	2198	2261	2595	2538	2304	2847	2542	2592	2783	2613	2281	2519	2497	2895	1956	2580	1945	2508	2374	2618	2551	2587	2111	2588	2095	2330	2385	2337	2516	2255	2427	2580	2450	2348	2438	3063	2596	2348	2673	2535	
2299	2766	2598	2504	2238	2279	2602	2775	2458	2665	2523	2299	2645	2378	2684	1997	2552	2343	2393	2630	2736	2727	3085	2576	2677	2581	2593	2636	2419	2582	2687	2658	2477	2624	2475	2827	2246	2557	2728	2745	2776	2339	2647	2584	2486	2476	2204	2922	2771	2666	2964	2711	2930	2177	2479	2311	2562	2639	2507	2439	2629	2307	2669	2659	2388	2896	2569	2591	2741	2549	2383	2569	2488	2863	1961	2458	1866	2468	2316	2668	2284	2502	2343	2661	2241	2274	2600	2621	2457	2608	2646	2601	2443	2344	2594	3022	2109	2358	2666	2549	
2124	2520	2504	2226	2061	1994	2406	2463	2425	2329	2302	2134	2271	2337	2474	1839	2379	2433	2292	2473	2628	2499	2520	2474	2504	2098	2365	2216	2248	2319	2239	2483	2254	2409	2183	2533	2093	2413	2507	2316	2385	1954	2123	2330	2402	2091	2074	2576	2423	2269	2437	2362	2211	2079	2417	2318	2360	2419	2258	2420	2219	2045	2351	2381	2173	2400	2366	2446	2423	2506	2061	2229	2323	2529	1784	2392	1802	2076	2253	2512	2090	2321	2149	2192	1924	2208	2262	2185	2391	2114	2193	2396	2460	2131	2121	2805	2121	2205	2335	2429	
2236	2541	2587	2485	2119	2195	2439	2530	2559	2609	2216	2359	2388	2456	2455	1955	2477	2523	2441	2626	2482	2552	2761	2607	2580	2454	2365	2318	2242	2480	2350	2495	2371	2679	2300	2756	2233	2617	2584	2419	2504	2120	2487	2513	2722	2202	2188	2743	2441	2628	2670	2600	2661	2073	2601	2271	2338	2578	2301	2413	2256	2078	2580	2436	2196	2634	2633	2546	2667	2570	2533	2592	2348	2630	1956	2623	1836	2331	2326	2387	2275	2650	2280	2559	2130	2144	2379	2365	2389	2304	2435	2627	2208	2050	2433	2995	2304	2231	2573	2380	
2145	2478	2333	2308	1880	1903	2287	2322	2280	2313	2088	1966	2481	2253	2506	1855	2206	2312	2107	2466	2518	2329	2636	2375	2221	2214	2269	2303	2334	2243	2291	2299	2295	2294	2210	2424	1834	2119	2421	1926	2311	2212	2424	2126	2349	2242	1989	2638	2248	2209	2348	2157	2439	2043	2253	2225	2336	2391	2289	2317	2113	1875	2352	2197	2088	2519	2348	2217	2525	2381	2225	2437	2356	2713	1723	2357	1892	2277	2161	2184	2219	2145	1977	2279	2012	2055	2203	1957	2311	2229	2243	2319	1970	2143	2362	2803	2091	2198	2208	2437	
2310	2485	2518	2213	2058	2108	2503	2692	2483	2541	2350	2280	2280	2269	2502	1945	2489	2456	2154	2541	2533	2484	2738	2499	2664	2465	2473	2481	2505	2463	2583	2603	2382	2474	2182	2761	2106	2689	2646	2398	2535	2318	2403	2550	2505	2414	2251	2559	2467	2471	2640	2355	2578	2094	2561	2213	2372	2579	2278	2463	2302	2228	2472	2381	2091	2509	2619	2706	2628	2428	2415	2554	2283	2645	1917	2517	1867	2309	2344	2420	2285	2406	2264	2476	2070	2259	2321	2437	2301	2398	2271	2228	2471	2278	2385	2985	2338	2273	2582	2501	
2423	2648	2421	2256	2237	2245	2641	2644	2445	2441	2419	2407	2221	2342	2519	1970	2554	2540	2349	2550	2688	2408	2768	2711	2607	2542	2334	2518	2400	2430	2635	2453	2405	2521	2183	2845	2024	2467	2402	2456	2520	2207	2510	2488	2573	2279	2271	2787	2568	2385	2586	2444	2693	2259	2405	2291	2388	2763	2445	2570	2362	2354	2550	2442	2287	2385	2491	2491	2490	2548	2222	2570	2350	2807	1860	2477	1856	2424	2350	2358	2306	2495	2194	2397	2149	2298	2235	2256	2242	2194	2321	2524	2447	2236	2565	3067	2230	2349	2426	2427	
2636	2692	2531	2420	2327	2197	2598	2801	2497	2681	2441	2439	2733	2407	2707	2095	2622	2724	2484	2508	2614	2681	2801	2777	2811	2495	2570	2573	2595	2661	2565	2656	2391	2491	2401	2761	2475	2492	2959	2379	2642	2484	2517	2701	2721	2441	2450	2765	2696	2641	2841	2749	2918	2245	2795	2521	2809	2724	2662	2524	2411	2401	2490	2552	2352	2858	2701	2615	2772	2732	2170	2560	2583	3016	2098	2632	1943	2353	2464	2536	2585	2538	2291	2515	2192	2437	2555	2460	2550	2472	2624	2649	2460	2317	2514	3036	2341	2522	2505	2575	
2670	2876	2787	2562	2335	2346	2787	3154	2782	2684	2533	2631	2703	2711	2810	2266	2737	3065	2580	2785	3142	2848	3221	2973	2808	2712	2894	2801	2766	2737	2936	2802	2655	2680	2466	3116	2602	2921	2904	2662	2884	2678	2663	2834	2876	2582	2488	2909	2701	2790	2974	2656	2943	2338	2926	2494	2797	3080	2743	3019	2645	2563	2848	2661	2471	2863	2884	2753	3006	2843	2548	2869	2878	3114	2100	2909	1984	2614	2576	2851	2652	2566	2431	2774	2253	2533	2604	2574	2783	2596	2541	2803	2716	2502	2653	3313	2636	2656	2843	2931	
2688	3115	2870	2721	2548	2730	2978	3144	2869	2876	2838	2761	3037	2722	2866	2380	3143	3058	2733	3031	3333	2932	3271	3227	2998	2701	2983	2959	3119	3026	3010	2882	2806	2968	2599	3240	2467	2870	3126	2672	3070	2743	3229	2957	3264	2700	2765	3213	3031	2974	3182	2887	3240	2436	2942	2731	2945	3060	2945	3059	2638	2699	3150	3157	2788	3251	3034	3105	3096	2981	2747	3164	2920	3209	2246	3120	2187	2742	2914	2987	2888	2923	2668	2966	2566	2747	2768	2841	2866	2677	2634	2920	2727	2491	2976	3576	2800	2689	3050	2953	
1998	2340	2211	2000	2000	1962	2246	2345	2205	2225	2069	2033	2087	2319	2388	1969	2315	2224	2124	2337	2323	2233	2395	2401	2388	2147	2255	2303	2214	2231	2400	2578	2260	2483	2013	2435	1962	2183	2407	2250	2315	2032	2139	2263	2389	1982	1971	2598	2512	2196	2238	2322	2395	1805	2331	2132	2203	2376	2333	2172	2295	1941	1924	2247	1858	2445	2377	2368	2320	2296	2093	2379	2309	2536	1570	2286	1625	2021	2273	2341	2070	2145	2122	2263	1872	2261	2236	2372	2208	2179	1954	2034	2318	2123	2348	2660	2071	1919	2325	2303	
2282	2668	2606	2221	2035	2233	2651	2667	2258	2289	2307	2219	2308	2461	2485	2074	2528	2443	2378	2310	2454	2596	2712	2609	2510	2366	2252	2477	2609	2379	2514	2675	2356	2337	2119	2904	2129	2507	2679	1942	2642	2508	2412	2389	2719	2300	2176	2724	2528	2337	2829	2158	2607	2003	2554	2296	2610	2712	2239	2537	2297	2179	2509	2569	2173	2700	2701	2550	2626	2568	2296	2537	2584	2681	1879	2659	1813	2341	2182	2383	2360	2323	2117	2345	2093	2068	2137	2421	2346	2248	2309	2421	2329	2197	2499	2960	2370	2374	2602	2589	
2494	2495	2710	2466	2228	2340	2556	2864	2510	2604	2479	2388	2661	2567	2609	2113	2658	2518	2565	2806	2674	2743	2713	2637	2750	2452	2778	2673	2639	2452	2781	2646	2612	2545	2419	2867	2403	2588	2777	2297	2683	2407	2356	2526	2766	2455	2378	2835	2697	2676	2862	2457	2789	2243	2541	2336	2621	2725	2411	2691	2468	2276	2583	2624	2404	2845	2563	2698	2817	2363	2222	2326	2469	2835	2105	2510	2030	2368	2446	2665	2556	2513	2426	2575	2118	2282	2472	2481	2690	2341	2443	2540	2359	2464	2570	2919	2378	2240	2838	2683	
2471	2778	2734	2416	2109	2305	2610	2980	2699	2674	2577	2534	2441	2460	2552	2073	2664	2731	2531	2826	2657	2692	2855	2820	2862	2550	2679	2794	2728	2459	2687	2802	2555	2688	2344	2730	2342	2700	2849	2721	2851	2399	2530	2625	2741	2422	2422	2835	2713	2901	2795	2640	2954	2350	2748	2365	2711	2895	2469	2555	2383	2489	2665	2537	2412	2918	2728	2613	2895	2506	2295	2587	2255	2673	2098	2598	1991	2373	2473	2628	2434	2585	2284	2690	2127	2396	2528	2651	2483	2367	2646	2531	2585	2562	2523	2993	2544	2434	2781	2476	
2756	2846	3032	2819	2471	2370	3012	3035	3004	3025	2790	2472	2859	2826	2907	2263	2806	2997	2736	3179	3012	3065	3046	3037	2752	2850	2931	3001	2862	2737	2798	2774	2639	2989	2823	3116	2628	3020	3009	2727	2981	2426	2707	2799	3066	2504	2512	3056	2936	2757	3169	2784	2961	2368	2913	2557	2852	2963	2856	2932	2632	2428	3016	3031	2474	3013	3052	2900	2945	2763	2824	2933	2796	3258	2084	2883	2082	2873	2582	2821	2591	2598	2530	2728	2458	2678	2541	2814	2912	2660	2737	2958	2528	2772	2893	3464	2613	2697	2930	2889	
2634	3012	2707	2633	2527	2589	2859	2876	2701	2797	2753	2540	2653	2745	3060	2235	2740	2634	2491	2843	2769	3024	2943	2609	2724	2700	2738	2756	2789	2676	2857	2889	2671	2714	2511	3078	2714	2820	2958	2670	2748	2543	2479	2783	2848	2583	2502	3006	2696	2761	2932	2856	2914	2313	2864	2513	2756	2969	2717	2758	2576	2642	2625	2677	2298	2835	2899	2816	2970	2671	2540	2943	2635	3046	2148	2812	2119	2567	2616	2739	2676	2599	2567	2613	2213	2691	2585	2742	2565	2721	2702	2570	2630	2502	2528	3240	2559	2554	2802	2815	
2396	2866	2720	2427	2331	2411	2763	2954	2651	2728	2556	2431	2499	2782	2615	2310	2816	2738	2506	2846	2857	2656	2759	2753	2705	2527	2630	2635	2734	2663	2759	2829	2497	2552	2548	2980	2060	2675	2787	2447	2768	2591	2530	2672	2929	2285	2448	2948	2883	2653	2741	2585	2916	2286	2772	2431	2714	2932	2546	2766	2395	2416	2579	2479	2271	2781	2696	2668	2839	2563	2438	2749	2691	2925	2041	2644	2010	2421	2520	2389	2567	2380	2314	2559	2249	2459	2477	2485	2768	2249	2459	2618	2481	2453	2632	3213	2291	2492	2852	2443	
2490	2654	2718	2306	2299	2340	2470	2811	2466	2506	2434	2301	2601	2346	2782	2075	2610	2662	2551	2738	2813	2859	2870	2568	2625	2716	2541	2585	2548	2623	2865	2582	2555	2432	2188	2775	2364	2505	2667	2436	2496	2450	2234	2671	2754	2666	2359	2971	2726	2479	2732	2555	2667	2335	2608	2313	2667	2695	2389	2597	2312	2293	2692	2644	2327	2768	2561	2707	2752	2492	2560	2437	2711	2902	1995	2682	1997	2526	2351	2684	2565	2649	2299	2492	2109	2448	2474	2587	2472	2416	2404	2542	2419	2393	2573	3179	2344	2297	2692	2535	
2353	2509	2577	2442	2221	2208	2526	2572	2785	2543	2514	2482	2237	2424	2706	1897	2484	2493	2426	2748	2636	2519	2545	2727	2857	2630	2425	2678	2496	2466	2609	2603	2300	2421	2123	2691	2331	2565	2667	2450	2505	2171	2469	2467	2679	2266	2464	2840	2493	2679	2756	2492	2681	2375	2551	2434	2270	2677	2314	2553	2391	2150	2512	2602	2290	2412	2681	2828	2684	2646	2189	2606	2412	2963	2027	2454	1892	2169	2297	2213	2456	2483	2257	2359	2061	2323	2300	2436	2166	2165	2391	2587	2494	2482	2355	3039	2397	2361	2493	2470	
2529	2884	2897	2550	2364	2661	2658	2852	2488	2741	2584	2462	2637	2465	2925	1955	2741	2725	2617	2767	2719	2695	2882	2913	2824	2727	2443	2608	2628	2666	2700	2780	2468	2641	2399	2887	2376	2710	2767	2502	2850	2574	2759	2741	2813	2643	2289	2875	2938	2460	2734	2602	2764	2512	2710	2546	2679	2785	2653	2576	2525	2465	2758	2751	2314	2781	2716	2751	2808	2701	2569	2713	2509	2920	2214	2599	2137	2559	2441	2795	2436	2523	2454	2606	2324	2402	2477	2733	2690	2431	2413	2569	2642	2480	2620	3242	2457	2559	2727	2666	
2246	2606	2461	2316	2188	2204	2693	2768	2548	2484	2466	2311	2466	2060	2688	2219	2519	2699	2400	2488	2616	2531	2678	2758	2628	2457	2603	2637	2532	2492	2464	2573	2514	2461	2258	2742	2180	2577	2695	2308	2566	2182	2473	2530	2609	2355	2243	2666	2609	2468	2759	2345	2705	2094	2681	2247	2518	2682	2567	2442	2321	2292	2663	2400	2210	2736	2529	2578	2782	2383	2253	2568	2386	2752	1951	2537	1906	2187	2458	2606	2495	2395	2361	2654	1935	2458	2431	2533	2372	2317	2296	2451	2382	2334	2311	3008	2409	2234	2718	2544	
2701	3002	3074	2542	2396	2440	2868	3160	3064	2762	2923	2861	2758	2869	2902	2433	2832	3126	2981	3224	2771	2890	3158	3124	3261	2893	2810	3130	2982	2805	3124	2986	2941	3080	2653	3051	2656	2769	2997	2945	2857	2377	2684	2974	2966	2555	2554	3118	3017	3054	3050	2892	3124	2471	2757	2756	2861	3094	2823	2852	2634	2797	3083	2946	2507	3028	3026	2898	3057	2932	2667	3028	2896	3172	2309	2999	2156	2679	2791	2789	2913	2976	2618	3031	2492	2785	2985	2722	2624	2722	2806	2853	2706	2838	2916	3270	2741	2755	3080	2932	
2410	2914	2664	2425	2313	2328	2545	2795	2327	2539	2429	2277	2507	2313	2650	2134	2651	2848	2397	2595	2580	2810	2934	2802	2799	2528	2418	2567	2556	2489	2648	2647	2457	2551	2367	2763	2300	2522	2682	2401	2526	2262	2406	2703	2740	2470	2308	2743	2731	2575	2619	2518	2762	2157	2715	2329	2481	2763	2529	2462	2415	2156	2569	2678	2157	2744	2707	2435	2618	2458	2271	2402	2487	2882	2107	2388	1917	2303	2248	2414	2387	2507	2131	2542	2256	2284	2398	2525	2270	2361	2296	2563	2639	2324	2622	3063	2324	2415	2541	2585	
2330	2703	2465	2449	2216	2335	2519	2579	2356	2433	2551	2290	2599	2342	2563	1936	2658	2491	2319	2627	2571	2520	2804	2511	2639	2338	2390	2441	2678	2291	2571	2513	2583	2390	2370	2701	2216	2544	2667	2208	2601	2162	2490	2456	2719	2172	2174	2792	2461	2453	2618	2485	2675	2195	2572	2270	2563	2587	2243	2440	2222	2226	2656	2516	2269	2788	2512	2585	2537	2471	2304	2517	2226	2748	1985	2521	2000	2387	2491	2373	2407	2534	2463	2398	2167	2366	2300	2241	2278	2324	2421	2308	2194	2283	2551	2919	2190	2256	2627	2494	
2446	2553	2568	2298	2174	2292	2521	2880	2489	2556	2523	2266	2598	2294	2734	2119	2461	2716	2487	2559	2552	2771	2827	2664	2568	2411	2509	2338	2468	2451	2755	2430	2566	2555	2342	2807	2392	2480	2670	2513	2653	2368	2519	2845	2585	2451	2194	2838	2606	2526	2684	2456	2707	2031	2696	2519	2632	2600	2584	2440	2333	2440	2537	2529	2327	2779	2604	2616	2669	2627	2357	2480	2441	2738	2141	2695	2047	2389	2402	2728	2456	2677	2351	2808	2083	2487	2490	2517	2404	2386	2313	2426	2410	2283	2388	3088	2477	2274	2649	2646	
2422	2671	2656	2356	2170	2125	2606	2629	2549	2529	2565	2259	2328	2410	2514	2150	2716	2485	2408	2685	2477	2601	2690	2733	2663	2451	2576	2566	2607	2421	2354	2617	2345	2649	2448	2740	2120	2555	2486	2507	2660	2171	2514	2612	2645	2243	2288	2890	2682	2409	2580	2447	2733	2295	2357	2325	2552	2479	2456	2494	2280	2146	2433	2534	2119	2689	2621	2598	2615	2499	2201	2590	2448	2695	2052	2509	1641	2315	2274	2434	2368	2452	2342	2550	1991	2524	2417	2522	2309	2418	2383	2614	2347	2377	2512	2854	2444	2093	2630	2515	
2414	2599	2763	2422	2117	2105	2619	2723	2576	2422	2370	2372	2633	2359	2869	2135	2396	2528	2495	2604	2607	2720	2765	2761	2639	2469	2585	2488	2504	2565	2558	2533	2564	2518	2342	2877	2273	2639	2733	2273	2523	2406	2571	2626	2780	2390	2335	2757	2540	2409	2757	2495	2691	2437	2654	2450	2481	2734	2510	2742	2418	2374	2668	2508	2371	2588	2619	2720	2791	2713	2347	2540	2546	2964	2034	2584	1956	2463	2378	2611	2492	2532	2287	2501	2273	2309	2368	2506	2524	2397	2157	2565	2493	2337	2448	2944	2556	2251	2360	2628	
2261	2460	2458	2201	2013	2112	2302	2508	2199	2404	2337	2095	2477	2242	2494	1765	2395	2212	2262	2353	2556	2424	2611	2486	2617	2430	2429	2421	2486	2532	2525	2433	2302	2230	2125	2493	2106	2280	2447	2196	2559	2141	2413	2566	2597	2275	2216	2719	2399	2319	2592	2373	2496	2223	2433	2225	2468	2272	2125	2506	2070	2138	2411	2395	2253	2598	2515	2557	2441	2352	2342	2356	2203	2686	1788	2367	1883	2430	2298	2328	2333	2393	2127	2255	2154	2158	2085	2217	2311	2263	2317	2399	2135	2233	2370	2884	2175	2286	2470	2407	
2505	2692	2756	2371	2254	2256	2604	2862	2609	2509	2506	2438	2580	2220	2655	2062	2556	2494	2497	2565	2762	2894	2879	2888	2734	2605	2536	2564	2504	2610	2714	2673	2485	2396	2500	2869	2180	2645	3026	2380	2723	2379	2664	2646	2625	2612	2430	2742	2693	2637	3020	2524	2810	2222	2740	2428	2756	2649	2488	2521	2580	2385	2705	2636	2308	2962	2573	2754	2667	2530	2372	2506	2752	2838	2087	2689	1763	2411	2405	2619	2506	2501	2226	2740	2326	2199	2404	2589	2618	2383	2306	2577	2559	2285	2604	3253	2414	2422	2586	2601	
2481	2739	2794	2491	2399	2379	2506	2638	2425	2694	2342	2432	2509	2454	2776	2153	2539	2450	2372	2722	2830	2848	3056	2598	2761	2638	2569	2686	2623	2507	2695	2664	2561	2574	2451	2731	2407	2650	2603	2516	2660	2368	2647	2534	2756	2368	2381	2824	2722	2464	2589	2698	2772	2339	2587	2343	2486	2747	2465	2777	2485	2350	2518	2620	2339	2768	2542	2721	2680	2385	2582	2653	2491	3004	2029	2535	1950	2598	2474	2721	2579	2455	2295	2609	2172	2397	2355	2685	2660	2642	2296	2620	2510	2431	2630	3066	2612	2457	2611	2667	
2142	2229	2387	2282	2068	1943	2278	2232	2273	2240	2277	2057	2218	2151	2434	1824	2251	2148	2140	2345	2249	2547	2539	2482	2311	2307	2440	2163	2222	2352	2145	2262	2215	2164	2127	2560	1845	2398	2479	2088	2296	2078	2297	2244	2436	2343	1883	2517	2437	2253	2538	2209	2365	1940	2443	1948	2216	2488	2163	2235	2203	1932	2256	2207	2014	2369	2345	2336	2458	2211	2065	2290	2193	2458	1726	2267	1771	2196	2127	2182	2113	2446	2019	2214	2012	2072	2004	2241	2216	2137	2167	2244	2205	2146	2458	2748	2065	2075	2121	2169	
2708	3118	3013	2855	2659	2511	3073	3127	2932	3033	2722	2619	2866	2910	3023	2328	3008	3006	2705	3057	3195	3100	3291	3178	3019	2951	2972	3005	2744	2871	2727	2921	2646	3029	2807	3316	2568	3189	2947	2842	2869	2451	2879	2954	3110	2609	2612	3091	3145	2957	3004	2975	2913	2638	3035	2420	2964	3254	2722	2917	2577	2180	3060	2975	2384	3016	2956	2932	3073	2895	2684	2986	2834	3234	2163	2813	2066	2709	2617	3003	2563	2740	2441	2831	2390	2501	2572	2798	2909	2779	2863	2850	2848	2722	2803	3498	2759	2602	3042	2944	
2329	2562	2582	2315	2265	2320	2507	2680	2307	2508	2510	2397	2467	2192	2666	1990	2537	2645	2615	2528	2685	2633	2819	2761	2911	2465	2507	2594	2598	2544	2852	2551	2410	2240	2319	2878	2203	2605	2730	2315	2495	2407	2427	2526	2533	2592	2142	2924	2520	2548	2623	2442	2836	2095	2625	2381	2408	2647	2476	2496	2398	2302	2520	2394	2448	2722	2464	2682	2452	2567	2287	2350	2556	2958	2023	2531	2138	2385	2377	2580	2477	2668	2369	2571	2019	2391	2419	2326	2473	2272	2564	2442	2573	2434	2670	3132	2310	2319	2536	2609	
2505	2603	2626	2310	2186	2308	2494	2761	2308	2769	2555	2431	2494	2431	2717	2091	2496	2622	2499	2319	2693	2705	2988	2725	2804	2569	2579	2743	2707	2502	2858	2668	2395	2614	2364	2937	2493	2697	2797	2666	2882	2414	2515	2642	2518	2421	2417	2698	2758	2563	2719	2476	2717	2104	2785	2345	2477	2818	2460	2555	2444	2288	2668	2631	2332	2716	2568	2766	2701	2554	2495	2615	2563	2974	2043	2671	1840	2516	2424	2714	2418	2508	2053	2786	2120	2147	2392	2580	2534	2517	2509	2606	2453	2430	2466	3089	2484	2520	2669	2624	
2206	2339	2416	2375	1996	2179	2481	2630	2471	2341	2155	2265	2443	2299	2478	1900	2236	2365	2340	2635	2470	2509	2629	2410	2352	2224	2469	2262	2465	2250	2371	2321	2441	2284	2312	2578	1913	2320	2481	2316	2360	2285	2303	2436	2278	2173	2074	2583	2409	2249	2499	2352	2525	2138	2301	2359	2224	2479	2470	2484	2196	2255	2506	2381	2212	2560	2424	2394	2499	2483	2293	2513	2473	2680	1904	2468	1851	2288	2305	2381	2227	2127	2218	2451	2146	2386	2309	2288	2341	2210	2195	2333	2223	2284	2350	2956	2215	2270	2377	2320	
2653	2706	2782	2646	2395	2282	2776	2791	2825	2764	2692	2543	2722	2422	2886	2270	2631	2796	2603	2942	2495	2886	3056	2889	2651	2619	2451	2652	2507	2597	2641	2759	2505	2771	2483	3035	2470	2753	2874	2610	2704	2308	2570	2737	2863	2552	2313	2851	2678	2712	2794	2547	3007	2359	2730	2405	2679	2756	2565	2600	2385	2458	2724	2767	2197	2779	2764	2682	2964	2799	2307	2682	2632	2937	2173	2683	1999	2458	2474	2654	2385	2608	2451	2651	2096	2594	2279	2486	2479	2526	2749	2721	2574	2555	2497	3304	2572	2573	2812	2919	
2748	2938	2729	2729	2573	2630	2880	2941	2788	2806	2750	2705	2769	2634	3048	2317	2894	2817	2725	2870	3087	2879	3159	2971	3070	2841	2903	3006	2945	2731	2933	2944	2742	2760	2591	3016	2386	2704	2949	2813	2917	2477	2877	2863	2899	2670	2390	3113	2837	2911	2976	2825	3097	2384	2865	2669	2827	3090	2804	2909	2675	2503	3098	2924	2644	3054	3031	3088	3062	2896	2783	3062	2812	3271	2160	2837	2278	2817	2793	2771	2714	2720	2780	2737	2467	2789	2705	2711	2559	2679	2591	2888	2645	2650	2845	3319	2576	2734	2842	2975	
2478	2833	2629	2540	2272	2472	2717	2852	2673	2471	2427	2337	2691	2600	2791	2212	2745	2641	2590	2872	2777	2779	3007	2744	2699	2418	2586	2584	2567	2558	2677	2801	2540	2632	2335	2728	2286	2652	2723	2474	2598	2357	2638	2549	2838	2312	2288	2781	2697	2651	2961	2621	2997	2198	2618	2268	2776	2913	2592	2735	2394	2581	2848	2727	2390	2872	2830	2602	2973	2807	2514	2874	2666	2919	2034	2683	2031	2654	2461	2558	2363	2351	2616	2434	2476	2469	2502	2442	2441	2431	2641	2716	2486	2306	2446	3065	2490	2629	2818	2590	
2258	2475	2388	2082	2075	2187	2460	2566	2303	2382	2151	2193	2342	2004	2509	2105	2514	2423	2294	2315	2495	2640	2741	2526	2467	2218	2239	2425	2460	2333	2573	2579	2278	2304	2149	2642	2239	2326	2583	2308	2464	2165	2204	2231	2448	2351	2120	2766	2671	2193	2721	2302	2619	1959	2504	2320	2426	2492	2485	2457	2373	2153	2480	2675	2281	2715	2521	2453	2599	2334	2371	2427	2614	2537	1888	2569	1672	2407	2139	2441	2151	2410	2174	2432	2008	2324	2333	2530	2188	2360	2231	2648	2297	2054	2388	2789	2275	2155	2511	2434	
2493	2285	2498	2375	2168	1997	2385	2602	2596	2431	2422	2197	2374	2435	2458	2141	2453	2640	2211	2547	2403	2407	2508	2582	2599	2498	2425	2371	2334	2200	2484	2367	2474	2243	2385	2635	2088	2401	2573	2245	2405	2129	2409	2388	2579	2146	2128	2403	2534	2515	2433	2365	2550	2095	2363	2237	2430	2548	2239	2400	2264	1993	2734	2441	1991	2580	2536	2494	2527	2272	2076	2449	2349	2607	1748	2391	1934	2242	2294	2261	2165	2485	2037	2175	1897	2134	2270	2382	2334	2292	2150	2315	2162	2186	2371	2950	2097	2209	2343	2501	
2544	3033	2693	2595	2334	2402	2969	3111	2546	2869	2607	2511	2718	2531	2714	2266	2754	3041	2678	2779	2788	2996	3111	2943	2810	2688	2654	2854	2852	2724	2906	2843	2543	2703	2650	3226	2364	2848	2862	2579	2988	2705	2660	2797	2927	2564	2411	3050	2820	2627	3067	2823	3055	2242	2892	2625	2765	2903	2811	2857	2598	2616	2969	2983	2549	3087	3043	2601	2937	2722	2625	2934	2827	3193	2185	2898	1910	2784	2419	2822	2479	2537	2374	2768	2386	2458	2577	2770	2729	2722	2809	2671	2612	2384	2775	3225	2622	2735	2786	2935	
2644	2971	2909	2707	2346	2493	2818	2881	2718	2751	2631	2506	2695	2731	2880	2378	2973	2934	2776	2881	2921	2935	3032	2950	2728	2764	2866	2913	2924	2783	2850	3015	2830	2681	2467	3141	2521	2755	3216	2518	2934	2677	2733	2903	3023	2458	2511	3070	2885	2719	3085	2810	3034	2432	2865	2579	2876	3006	2935	2905	2719	2738	2761	2833	2545	3048	2932	2837	3075	2786	2797	2848	2819	3230	2082	2835	2189	2637	2690	2790	2740	2458	2712	2757	2365	2648	2568	2994	2657	2501	2597	2731	2618	2532	2775	3185	2673	2703	2930	2881	
2104	2398	2503	2138	1880	1932	2306	2437	2284	2381	2182	2190	2267	2185	2326	1657	2271	2220	2159	2384	2281	2218	2531	2446	2305	2408	2281	2372	2308	2110	2248	2279	2219	2344	1980	2498	2035	2243	2409	2171	2464	2175	2255	2409	2387	2262	2318	2609	2336	2241	2431	2188	2328	1957	2201	2211	2248	2258	2165	2203	2125	2132	2373	2138	2002	2396	2374	2498	2445	2337	2177	2352	2135	2467	1726	2302	1769	2091	2163	2180	2253	2256	2177	2405	1915	2229	2242	2272	2005	2201	2356	2185	2138	2076	2348	2760	1855	2165	2394	2345	
2298	2396	2567	2270	2042	2222	2324	2562	2308	2304	2051	2289	2186	2247	2573	1901	2311	2363	2457	2566	2353	2403	2625	2585	2350	2312	2358	2376	2404	2305	2453	2578	2445	2435	2104	2627	1968	2328	2467	2258	2297	2192	2315	2408	2571	2327	2162	2553	2494	2316	2504	2120	2544	1987	2325	2284	2369	2545	2311	2349	2269	2333	2321	2361	2182	2666	2558	2312	2410	2320	2215	2480	2283	2587	1862	2533	1720	2246	2342	2556	2457	2281	2125	2415	2061	2369	2238	2384	2176	2231	2032	2226	2357	2307	2224	2776	2306	2070	2467	2377	
2327	2651	2578	2490	1878	2095	2669	2598	2346	2713	2275	2333	2217	2449	2428	2142	2405	2502	2301	2401	2465	2561	2941	2725	2651	2520	2400	2595	2640	2341	2616	2710	2473	2550	2241	2890	2242	2516	2721	2407	2789	2330	2394	2517	2539	2459	2218	2773	2486	2522	2787	2421	2679	2294	2466	2404	2231	2587	2344	2427	2260	2403	2613	2517	2257	2552	2691	2433	2785	2468	2377	2694	2265	2839	1813	2553	1957	2223	2357	2597	2282	2400	2317	2515	2185	2040	2447	2296	2321	2383	2491	2449	2495	2246	2373	2985	2355	2469	2619	2467	
2417	2732	2745	2412	2312	2453	2672	2745	2520	2469	2507	2482	2622	2477	2576	2135	2668	2534	2490	2748	2694	2721	2785	2623	2663	2635	2589	2644	2651	2630	2666	2761	2644	2609	2437	2893	2407	2554	2630	2514	2533	2411	2457	2638	2608	2466	2380	2888	2718	2609	2930	2569	2849	2333	2477	2413	2527	2880	2538	2774	2419	2502	2575	2533	2288	2744	2873	2776	2771	2697	2465	2638	2533	2958	2023	2698	1943	2576	2422	2711	2568	2652	2315	2556	2204	2181	2492	2610	2526	2501	2421	2519	2484	2241	2595	3120	2501	2360	2806	2585	
2068	2358	2469	2102	1871	1912	2121	2196	2214	2221	2091	2204	2144	2129	2427	1715	2127	2137	2181	2288	2264	2379	2434	2393	2261	2074	2097	2156	2169	2106	2317	2173	2245	2101	1920	2452	2105	2366	2547	1879	2377	2142	2139	2148	2459	2204	2113	2554	2222	2185	2346	2149	2233	2015	2179	2054	2283	2270	1951	2193	2034	1879	2270	2120	1923	2447	2268	2356	2320	2347	2066	2112	2061	2358	1678	2293	1808	1872	2188	2206	2260	2357	1894	2249	1865	1825	2201	2133	2269	2192	2154	2174	2113	2073	2232	2663	2073	2019	2224	2164	
2223	2555	2566	2394	2108	2183	2192	2593	2441	2351	2531	2291	2421	2104	2743	1920	2390	2501	2285	2555	2502	2585	2522	2510	2578	2453	2479	2438	2469	2357	2560	2576	2264	2170	2310	2579	2076	2663	2634	2346	2619	2341	2353	2640	2563	2227	2254	2660	2461	2424	2551	2339	2663	2121	2696	2259	2308	2588	2208	2555	2272	2172	2443	2451	2232	2467	2673	2381	2516	2365	2291	2478	2421	2764	1964	2416	1752	2256	2079	2235	2308	2348	2190	2457	2045	2237	2306	2401	2201	2317	2321	2510	2314	2307	2374	2805	2198	2344	2358	2437	


